2011	DENIED	29130	358767	8.12
2011	CERTIFIED	307936	358767	85.83
2011	WITHDRAWN	10105	358767	2.82
2011	CERTIFIED-WITHDRAWN	11596	358767	3.23
2012	DENIED	21096	415607	5.08
2012	CERTIFIED	352668	415607	84.86
2012	WITHDRAWN	10725	415607	2.58
2012	CERTIFIED-WITHDRAWN	31118	415607	7.49
2013	CERTIFIED-WITHDRAWN	35432	442114	8.01
2013	WITHDRAWN	11590	442114	2.62
2013	CERTIFIED	382951	442114	86.62
2013	DENIED	12141	442114	2.75
2014	CERTIFIED-WITHDRAWN	36350	519427	7.0
2014	WITHDRAWN	16034	519427	3.09
2014	CERTIFIED	455144	519427	87.62
2014	DENIED	11899	519427	2.29
2015	DENIED	10923	618727	1.77
2015	CERTIFIED	547278	618727	88.45
2015	WITHDRAWN	19455	618727	3.14
2015	CERTIFIED-WITHDRAWN	41071	618727	6.64
2016	CERTIFIED	569646	647803	87.94
2016	WITHDRAWN	21890	647803	3.38
2016	CERTIFIED-WITHDRAWN	47092	647803	7.27
2016	DENIED	9175	647803	1.42
